1 1 400 4000 64 
2 2 400 4000 64 
3 3 400 4000 64 
4 4 400 4000 64 
5 5 400 4000 64 
6 6 400 4000 64 
7 7 400 4000 64 
8 8 400 4000 64 
9 9 400 4000 64 
10 10 400 4000 64 
11 11 400 4000 64 
12 12 400 4000 64 
13 13 400 4000 64 
14 14 400 4000 64 
15 15 400 4000 64 
16 16 400 4000 64 
17 17 400 4000 64 
18 18 400 4000 64 
19 19 400 4000 64 
20 20 400 4000 64 
21 21 400 4000 64 
22 22 400 4000 64 
23 23 400 4000 64 
24 24 400 4000 64 
25 25 400 4000 64 
26 26 400 4000 64 
27 27 400 4000 64 
28 28 400 4000 64 
29 29 400 4000 64 
30 30 400 4000 64 
31 31 400 4000 64 
32 32 400 4000 64 
